1	 46968	 32012	 38008	 40008	 46008	 0	 0	 0	 
1	 46934	 32012	 38008	 40006	 46006	 0	 0	 0	 
1	 46371	 32012	 38006	 40003	 46003	 0	 0	 0	 
1	 42002	 32011	 38005	 40002	 46002	 0	 0	 0	 
1	 47224	 32012	 38009	 40008	 46008	 0	 0	 0	 
1	 77293	 32019	 38014	 40015	 46013	 0	 0	 0	 
1	 68556	 32017	 38012	 40013	 46012	 0	 0	 0	 
1	 68267	 32017	 38011	 40011	 46011	 0	 0	 0	 
1	 72892	 32018	 38013	 40012	 46012	 0	 0	 0	 
1	 68796	 32017	 38013	 40012	 46012	 0	 0	 0	 
1	 77277	 32019	 38014	 40014	 46013	 0	 0	 0	 
1	 73181	 32018	 38014	 40014	 46013	 0	 0	 0	 
1	 77260	 32019	 38014	 40013	 46012	 0	 0	 0	 
1	 77004	 32019	 38013	 40013	 46012	 0	 0	 0	 
1	 68540	 32017	 38012	 40012	 46012	 0	 0	 0	 
1	 76715	 32019	 38012	 40011	 46011	 0	 0	 0	 
1	 76731	 32019	 38012	 40012	 46011	 0	 0	 0	 
1	 77276	 32019	 38014	 40014	 46012	 0	 0	 0	 
1	 72362	 32018	 38011	 40011	 46010	 0	 0	 0	 
1	 72635	 32018	 38012	 40012	 46011	 0	 0	 0	 
1	 72908	 32018	 38013	 40013	 46012	 0	 0	 0	 
1	 76987	 32019	 38013	 40012	 46011	 0	 0	 0	 
1	 63898	 32016	 38010	 40010	 46010	 0	 0	 0	 
1	 64443	 32016	 38012	 40012	 46011	 0	 0	 0	 
1	 64171	 32016	 38011	 40011	 46011	 0	 0	 0	 
1	 72602	 32018	 38012	 40010	 46010	 0	 0	 0	 
1	 76714	 32019	 38012	 40011	 46010	 0	 0	 0	 
1	 76425	 32019	 38011	 40009	 46009	 0	 0	 0	 
1	 76698	 32019	 38012	 40010	 46010	 0	 0	 0	 
1	 72346	 32018	 38011	 40010	 46010	 0	 0	 0	 
1	 68523	 32017	 38012	 40011	 46011	 0	 0	 0	 
1	 72619	 32018	 38012	 40011	 46011	 0	 0	 0	 
1	 76697	 32019	 38012	 40010	 46009	 0	 0	 0	 
1	 76441	 32019	 38011	 40010	 46009	 0	 0	 0	 
1	 72618	 32018	 38012	 40011	 46010	 0	 0	 0	 
1	 76152	 32019	 38010	 40008	 46008	 0	 0	 0	 
1	 67993	 32017	 38010	 40010	 46009	 0	 0	 0	 
1	 76134	 32019	 38010	 40007	 46006	 0	 0	 0	 
1	 76424	 32019	 38011	 40009	 46008	 0	 0	 0	 
1	 75878	 32019	 38009	 40007	 46006	 0	 0	 0	 
1	 64427	 32016	 38012	 40011	 46011	 0	 0	 0	 
1	 68250	 32017	 38011	 40010	 46010	 0	 0	 0	 
1	 72328	 32018	 38011	 40009	 46008	 0	 0	 0	 
1	 68266	 32017	 38011	 40011	 46010	 0	 0	 0	 
1	 68522	 32017	 38012	 40011	 46010	 0	 0	 0	 
1	 72891	 32018	 38013	 40012	 46011	 0	 0	 0	 
1	 76151	 32019	 38010	 40008	 46007	 0	 0	 0	 
1	 68539	 32017	 38012	 40012	 46011	 0	 0	 0	 
1	 75845	 32019	 38009	 40005	 46005	 0	 0	 0	 
1	 68249	 32017	 38011	 40010	 46009	 0	 0	 0	 
1	 63897	 32016	 38010	 40010	 46009	 0	 0	 0	 
1	 75861	 32019	 38009	 40006	 46005	 0	 0	 0	 
1	 72056	 32018	 38010	 40008	 46008	 0	 0	 0	 
1	 60058	 32015	 38011	 40010	 46010	 0	 0	 0	 
1	 72329	 32018	 38011	 40009	 46009	 0	 0	 0	 
1	 59802	 32015	 38010	 40010	 46010	 0	 0	 0	 
1	 75589	 32019	 38008	 40005	 46005	 0	 0	 0	 
1	 67976	 32017	 38010	 40009	 46008	 0	 0	 0	 
1	 71765	 32018	 38009	 40006	 46005	 0	 0	 0	 
1	 72039	 32018	 38010	 40007	 46007	 0	 0	 0	 
1	 71783	 32018	 38009	 40007	 46007	 0	 0	 0	 
1	 72345	 32018	 38011	 40010	 46009	 0	 0	 0	 
1	 71782	 32018	 38009	 40007	 46006	 0	 0	 0	 
1	 68233	 32017	 38011	 40009	 46009	 0	 0	 0	 
1	 71509	 32018	 38008	 40006	 46005	 0	 0	 0	 
1	 75299	 32019	 38007	 40003	 46003	 0	 0	 0	 
1	 67977	 32017	 38010	 40009	 46009	 0	 0	 0	 
1	 72072	 32018	 38010	 40009	 46008	 0	 0	 0	 
1	 75572	 32019	 38008	 40004	 46004	 0	 0	 0	 
1	 75862	 32019	 38009	 40006	 46006	 0	 0	 0	 
1	 64153	 32016	 38011	 40010	 46009	 0	 0	 0	 
1	 59529	 32015	 38009	 40009	 46009	 0	 0	 0	 
1	 71492	 32018	 38008	 40005	 46004	 0	 0	 0	 
1	 64154	 32016	 38011	 40010	 46010	 0	 0	 0	 
1	 59801	 32015	 38010	 40010	 46009	 0	 0	 0	 
1	 71476	 32018	 38008	 40004	 46004	 0	 0	 0	 
1	 71203	 32018	 38007	 40003	 46003	 0	 0	 0	 
1	 71766	 32018	 38009	 40006	 46006	 0	 0	 0	 
1	 64170	 32016	 38011	 40011	 46010	 0	 0	 0	 
1	 71220	 32018	 38007	 40004	 46004	 0	 0	 0	 
1	 72055	 32018	 38010	 40008	 46007	 0	 0	 0	 
1	 63880	 32016	 38010	 40009	 46008	 0	 0	 0	 
1	 76135	 32019	 38010	 40007	 46007	 0	 0	 0	 
1	 68812	 32017	 38013	 40013	 46012	 0	 0	 0	 
1	 67414	 32017	 38008	 40006	 46006	 0	 0	 0	 
1	 67960	 32017	 38010	 40008	 46008	 0	 0	 0	 
1	 63864	 32016	 38010	 40008	 46008	 0	 0	 0	 
1	 67703	 32017	 38009	 40008	 46007	 0	 0	 0	 
1	 67396	 32017	 38008	 40005	 46004	 0	 0	 0	 
1	 67959	 32017	 38010	 40008	 46007	 0	 0	 0	 
1	 67686	 32017	 38009	 40007	 46006	 0	 0	 0	 
1	 63881	 32016	 38010	 40009	 46009	 0	 0	 0	 
1	 67413	 32017	 38008	 40006	 46005	 0	 0	 0	 
1	 63335	 32016	 38008	 40007	 46007	 0	 0	 0	 
1	 67397	 32017	 38008	 40005	 46005	 0	 0	 0	 
1	 67687	 32017	 38009	 40007	 46007	 0	 0	 0	 
1	 59528	 32015	 38009	 40009	 46008	 0	 0	 0	 
1	 59784	 32015	 38010	 40009	 46008	 0	 0	 0	 
1	 55689	 32014	 38010	 40009	 46009	 0	 0	 0	 
1	 63317	 32016	 38008	 40006	 46005	 0	 0	 0	 
1	 66851	 32017	 38006	 40003	 46003	 0	 0	 0	 
1	 63607	 32016	 38009	 40008	 46007	 0	 0	 0	 
1	 63608	 32016	 38009	 40008	 46008	 0	 0	 0	 
1	 71493	 32018	 38008	 40005	 46005	 0	 0	 0	 
1	 67124	 32017	 38007	 40004	 46004	 0	 0	 0	 
1	 67670	 32017	 38009	 40006	 46006	 0	 0	 0	 
1	 62739	 32016	 38006	 40002	 46003	 0	 0	 0	 
1	 63590	 32016	 38009	 40007	 46006	 0	 0	 0	 
1	 59785	 32015	 38010	 40009	 46009	 0	 0	 0	 
1	 63301	 32016	 38008	 40005	 46005	 0	 0	 0	 
1	 59511	 32015	 38009	 40008	 46007	 0	 0	 0	 
1	 67107	 32017	 38007	 40003	 46003	 0	 0	 0	 
1	 63591	 32016	 38009	 40007	 46007	 0	 0	 0	 
1	 59512	 32015	 38009	 40008	 46008	 0	 0	 0	 
1	 63334	 32016	 38008	 40007	 46006	 0	 0	 0	 
1	 58966	 32015	 38007	 40006	 46006	 0	 0	 0	 
1	 63044	 32016	 38007	 40005	 46004	 0	 0	 0	 
1	 63318	 32016	 38008	 40006	 46006	 0	 0	 0	 
1	 62755	 32016	 38006	 40003	 46003	 0	 0	 0	 
1	 63028	 32016	 38007	 40004	 46004	 0	 0	 0	 
1	 58933	 32015	 38007	 40004	 46005	 0	 0	 0	 
1	 55432	 32014	 38009	 40009	 46008	 0	 0	 0	 
1	 55433	 32014	 38009	 40009	 46009	 0	 0	 0	 
1	 59768	 32015	 38010	 40008	 46008	 0	 0	 0	 
1	 59495	 32015	 38009	 40007	 46007	 0	 0	 0	 
1	 63045	 32016	 38007	 40005	 46005	 0	 0	 0	 
1	 63574	 32016	 38009	 40006	 46006	 0	 0	 0	 
1	 59238	 32015	 38008	 40007	 46006	 0	 0	 0	 
1	 59239	 32015	 38008	 40007	 46007	 0	 0	 0	 
1	 55160	 32014	 38008	 40008	 46008	 0	 0	 0	 
1	 59205	 32015	 38008	 40005	 46005	 0	 0	 0	 
1	 63011	 32016	 38007	 40003	 46003	 0	 0	 0	 
1	 55415	 32014	 38009	 40008	 46007	 0	 0	 0	 
1	 54836	 32014	 38007	 40004	 46004	 0	 0	 0	 
1	 55127	 32014	 38008	 40006	 46007	 0	 0	 0	 
1	 55159	 32014	 38008	 40008	 46007	 0	 0	 0	 
1	 58949	 32015	 38007	 40005	 46005	 0	 0	 0	 
1	 59221	 32015	 38008	 40006	 46005	 0	 0	 0	 
1	 55142	 32014	 38008	 40007	 46006	 0	 0	 0	 
1	 58643	 32015	 38006	 40002	 46003	 0	 0	 0	 
1	 58642	 32015	 38006	 40002	 46002	 0	 0	 0	 
1	 55416	 32014	 38009	 40008	 46008	 0	 0	 0	 
1	 58676	 32015	 38006	 40004	 46004	 0	 0	 0	 
1	 55399	 32014	 38009	 40007	 46007	 0	 0	 0	 
1	 54291	 32014	 38005	 40002	 46003	 0	 0	 0	 
1	 55126	 32014	 38008	 40006	 46006	 0	 0	 0	 
1	 54273	 32014	 38005	 40001	 46001	 0	 0	 0	 
1	 58932	 32015	 38007	 40004	 46004	 0	 0	 0	 
1	 54581	 32014	 38006	 40004	 46005	 0	 0	 0	 
1	 51048	 32013	 38008	 40007	 46008	 0	 0	 0	 
1	 51063	 32013	 38008	 40008	 46007	 0	 0	 0	 
1	 54870	 32014	 38007	 40006	 46006	 0	 0	 0	 
1	 58660	 32015	 38006	 40003	 46004	 0	 0	 0	 
1	 54274	 32014	 38005	 40001	 46002	 0	 0	 0	 
1	 54307	 32014	 38005	 40003	 46003	 0	 0	 0	 
1	 59222	 32015	 38008	 40006	 46006	 0	 0	 0	 
1	 54563	 32014	 38006	 40003	 46003	 0	 0	 0	 
1	 58659	 32015	 38006	 40003	 46003	 0	 0	 0	 
1	 55143	 32014	 38008	 40007	 46007	 0	 0	 0	 
1	 54837	 32014	 38007	 40004	 46005	 0	 0	 0	 
1	 54564	 32014	 38006	 40003	 46004	 0	 0	 0	 
1	 54580	 32014	 38006	 40004	 46004	 0	 0	 0	 
1	 54853	 32014	 38007	 40005	 46005	 0	 0	 0	 
1	 54290	 32014	 38005	 40002	 46002	 0	 0	 0	 
1	 51320	 32013	 38009	 40008	 46008	 0	 0	 0	 
1	 54854	 32014	 38007	 40005	 46006	 0	 0	 0	 
1	 51031	 32013	 38008	 40006	 46007	 0	 0	 0	 
1	 51064	 32013	 38008	 40008	 46008	 0	 0	 0	 
1	 50758	 32013	 38007	 40005	 46006	 0	 0	 0	 
1	 50757	 32013	 38007	 40005	 46005	 0	 0	 0	 
1	 50194	 32013	 38005	 40002	 46002	 0	 0	 0	 
1	 50791	 32013	 38007	 40007	 46007	 0	 0	 0	 
1	 50775	 32013	 38007	 40006	 46007	 0	 0	 0	 
1	 50484	 32013	 38006	 40004	 46004	 0	 0	 0	 
1	 50501	 32013	 38006	 40005	 46005	 0	 0	 0	 
1	 51030	 32013	 38008	 40006	 46006	 0	 0	 0	 
1	 50467	 32013	 38006	 40003	 46003	 0	 0	 0	 
1	 50468	 32013	 38006	 40003	 46004	 0	 0	 0	 
1	 50212	 32013	 38005	 40003	 46004	 0	 0	 0	 
1	 46098	 32012	 38005	 40002	 46002	 0	 0	 0	 
1	 50195	 32013	 38005	 40002	 46003	 0	 0	 0	 
1	 46372	 32012	 38006	 40003	 46004	 0	 0	 0	 
1	 50211	 32013	 38005	 40003	 46003	 0	 0	 0	 
1	 50485	 32013	 38006	 40004	 46005	 0	 0	 0	 
1	 51047	 32013	 38008	 40007	 46007	 0	 0	 0	 
1	 50774	 32013	 38007	 40006	 46006	 0	 0	 0	 
1	 45825	 32012	 38004	 40001	 46001	 0	 0	 0	 
1	 45826	 32012	 38004	 40001	 46002	 0	 0	 0	 
1	 45843	 32012	 38004	 40002	 46003	 0	 0	 0	 
1	 46099	 32012	 38005	 40002	 46003	 0	 0	 0	 
1	 46661	 32012	 38007	 40005	 46005	 0	 0	 0	 
1	 46132	 32012	 38005	 40004	 46004	 0	 0	 0	 
1	 46116	 32012	 38005	 40003	 46004	 0	 0	 0	 
1	 45842	 32012	 38004	 40002	 46002	 0	 0	 0	 
1	 46389	 32012	 38006	 40004	 46005	 0	 0	 0	 
1	 46388	 32012	 38006	 40004	 46004	 0	 0	 0	 
1	 42003	 32011	 38005	 40002	 46003	 0	 0	 0	 
1	 46115	 32012	 38005	 40003	 46003	 0	 0	 0	 
1	 46405	 32012	 38006	 40005	 46005	 0	 0	 0	 
1	 46695	 32012	 38007	 40007	 46007	 0	 0	 0	 
1	 46406	 32012	 38006	 40005	 46006	 0	 0	 0	 
1	 46662	 32012	 38007	 40005	 46006	 0	 0	 0	 
1	 42566	 32011	 38007	 40005	 46006	 0	 0	 0	 
1	 46679	 32012	 38007	 40006	 46007	 0	 0	 0	 
1	 42019	 32011	 38005	 40003	 46003	 0	 0	 0	 
1	 46678	 32012	 38007	 40006	 46006	 0	 0	 0	 
1	 41763	 32011	 38004	 40003	 46003	 0	 0	 0	 
1	 46951	 32012	 38008	 40007	 46007	 0	 0	 0	 
1	 42292	 32011	 38006	 40004	 46004	 0	 0	 0	 
1	 72924	 32018	 38013	 40014	 46012	 0	 0	 0	 
1	 64187	 32016	 38011	 40012	 46011	 0	 0	 0	 
1	 77003	 32019	 38013	 40013	 46011	 0	 0	 0	 
1	 63624	 32016	 38009	 40009	 46008	 0	 0	 0	 
1	 76168	 32019	 38010	 40009	 46008	 0	 0	 0	 
1	 75588	 32019	 38008	 40005	 46004	 0	 0	 0	 
1	 60074	 32015	 38011	 40011	 46010	 0	 0	 0	 
1	 67704	 32017	 38009	 40008	 46008	 0	 0	 0	 
1	 70913	 32018	 38006	 40001	 46001	 0	 0	 0	 
1	 66561	 32017	 38005	 40001	 46001	 0	 0	 0	 
1	 54869	 32014	 38007	 40006	 46005	 0	 0	 0	 
1	 62466	 32016	 38005	 40001	 46002	 0	 0	 0	 
1	 51046	 32013	 38008	 40007	 46006	 0	 0	 0	 
1	 58387	 32015	 38005	 40002	 46003	 0	 0	 0	 
1	 62482	 32016	 38005	 40002	 46002	 0	 0	 0	 
1	 62465	 32016	 38005	 40001	 46001	 0	 0	 0	 
1	 54597	 32014	 38006	 40005	 46005	 0	 0	 0	 
1	 58113	 32015	 38004	 40001	 46001	 0	 0	 0	 
1	 58370	 32015	 38005	 40001	 46002	 0	 0	 0	 
1	 58386	 32015	 38005	 40002	 46002	 0	 0	 0	 
1	 54018	 32014	 38004	 40001	 46002	 0	 0	 0	 
1	 54017	 32014	 38004	 40001	 46001	 0	 0	 0	 
1	 58369	 32015	 38005	 40001	 46001	 0	 0	 0	 
1	 50178	 32013	 38005	 40001	 46002	 0	 0	 0	 
1	 49922	 32013	 38004	 40001	 46002	 0	 0	 0	 
1	 49938	 32013	 38004	 40002	 46002	 0	 0	 0	 
1	 49921	 32013	 38004	 40001	 46001	 0	 0	 0	 
1	 41729	 32011	 38004	 40001	 46001	 0	 0	 0	 
1	 46422	 32012	 38006	 40006	 46006	 0	 0	 0	 
1	 41730	 32011	 38004	 40001	 46002	 0	 0	 0	 
1	 41746	 32011	 38004	 40002	 46002	 0	 0	 0	 
1	 37923	 32010	 38005	 40003	 46003	 0	 0	 0	 
1	 42036	 32011	 38005	 40004	 46004	 0	 0	 0	 
1	 -46968	 31012	 37008	 39008	 45008	 0	 0	 0	 
1	 -46934	 31012	 37008	 39006	 45006	 0	 0	 0	 
1	 -46371	 31012	 37006	 39003	 45003	 0	 0	 0	 
1	 -42002	 31011	 37005	 39002	 45002	 0	 0	 0	 
1	 -47224	 31012	 37009	 39008	 45008	 0	 0	 0	 
1	 -77293	 31019	 37014	 39015	 45013	 0	 0	 0	 
1	 -68556	 31017	 37012	 39013	 45012	 0	 0	 0	 
1	 -68267	 31017	 37011	 39011	 45011	 0	 0	 0	 
1	 -72892	 31018	 37013	 39012	 45012	 0	 0	 0	 
1	 -68796	 31017	 37013	 39012	 45012	 0	 0	 0	 
1	 -77277	 31019	 37014	 39014	 45013	 0	 0	 0	 
1	 -73181	 31018	 37014	 39014	 45013	 0	 0	 0	 
1	 -77260	 31019	 37014	 39013	 45012	 0	 0	 0	 
1	 -77004	 31019	 37013	 39013	 45012	 0	 0	 0	 
1	 -68540	 31017	 37012	 39012	 45012	 0	 0	 0	 
1	 -76715	 31019	 37012	 39011	 45011	 0	 0	 0	 
1	 -76731	 31019	 37012	 39012	 45011	 0	 0	 0	 
1	 -77276	 31019	 37014	 39014	 45012	 0	 0	 0	 
1	 -72362	 31018	 37011	 39011	 45010	 0	 0	 0	 
1	 -72635	 31018	 37012	 39012	 45011	 0	 0	 0	 
1	 -72908	 31018	 37013	 39013	 45012	 0	 0	 0	 
1	 -76987	 31019	 37013	 39012	 45011	 0	 0	 0	 
1	 -63898	 31016	 37010	 39010	 45010	 0	 0	 0	 
1	 -64443	 31016	 37012	 39012	 45011	 0	 0	 0	 
1	 -64171	 31016	 37011	 39011	 45011	 0	 0	 0	 
1	 -72602	 31018	 37012	 39010	 45010	 0	 0	 0	 
1	 -76714	 31019	 37012	 39011	 45010	 0	 0	 0	 
1	 -76425	 31019	 37011	 39009	 45009	 0	 0	 0	 
1	 -76698	 31019	 37012	 39010	 45010	 0	 0	 0	 
1	 -72346	 31018	 37011	 39010	 45010	 0	 0	 0	 
1	 -68523	 31017	 37012	 39011	 45011	 0	 0	 0	 
1	 -72619	 31018	 37012	 39011	 45011	 0	 0	 0	 
1	 -76697	 31019	 37012	 39010	 45009	 0	 0	 0	 
1	 -76441	 31019	 37011	 39010	 45009	 0	 0	 0	 
1	 -72618	 31018	 37012	 39011	 45010	 0	 0	 0	 
1	 -76152	 31019	 37010	 39008	 45008	 0	 0	 0	 
1	 -67993	 31017	 37010	 39010	 45009	 0	 0	 0	 
1	 -76134	 31019	 37010	 39007	 45006	 0	 0	 0	 
1	 -76424	 31019	 37011	 39009	 45008	 0	 0	 0	 
1	 -75878	 31019	 37009	 39007	 45006	 0	 0	 0	 
1	 -64427	 31016	 37012	 39011	 45011	 0	 0	 0	 
1	 -68250	 31017	 37011	 39010	 45010	 0	 0	 0	 
1	 -72328	 31018	 37011	 39009	 45008	 0	 0	 0	 
1	 -68266	 31017	 37011	 39011	 45010	 0	 0	 0	 
1	 -68522	 31017	 37012	 39011	 45010	 0	 0	 0	 
1	 -72891	 31018	 37013	 39012	 45011	 0	 0	 0	 
1	 -76151	 31019	 37010	 39008	 45007	 0	 0	 0	 
1	 -68539	 31017	 37012	 39012	 45011	 0	 0	 0	 
1	 -75845	 31019	 37009	 39005	 45005	 0	 0	 0	 
1	 -68249	 31017	 37011	 39010	 45009	 0	 0	 0	 
1	 -63897	 31016	 37010	 39010	 45009	 0	 0	 0	 
1	 -75861	 31019	 37009	 39006	 45005	 0	 0	 0	 
1	 -72056	 31018	 37010	 39008	 45008	 0	 0	 0	 
1	 -60058	 31015	 37011	 39010	 45010	 0	 0	 0	 
1	 -72329	 31018	 37011	 39009	 45009	 0	 0	 0	 
1	 -59802	 31015	 37010	 39010	 45010	 0	 0	 0	 
1	 -75589	 31019	 37008	 39005	 45005	 0	 0	 0	 
1	 -67976	 31017	 37010	 39009	 45008	 0	 0	 0	 
1	 -71765	 31018	 37009	 39006	 45005	 0	 0	 0	 
1	 -72039	 31018	 37010	 39007	 45007	 0	 0	 0	 
1	 -71783	 31018	 37009	 39007	 45007	 0	 0	 0	 
1	 -72345	 31018	 37011	 39010	 45009	 0	 0	 0	 
1	 -71782	 31018	 37009	 39007	 45006	 0	 0	 0	 
1	 -68233	 31017	 37011	 39009	 45009	 0	 0	 0	 
1	 -71509	 31018	 37008	 39006	 45005	 0	 0	 0	 
1	 -75299	 31019	 37007	 39003	 45003	 0	 0	 0	 
1	 -67977	 31017	 37010	 39009	 45009	 0	 0	 0	 
1	 -72072	 31018	 37010	 39009	 45008	 0	 0	 0	 
1	 -75572	 31019	 37008	 39004	 45004	 0	 0	 0	 
1	 -75862	 31019	 37009	 39006	 45006	 0	 0	 0	 
1	 -64153	 31016	 37011	 39010	 45009	 0	 0	 0	 
1	 -59529	 31015	 37009	 39009	 45009	 0	 0	 0	 
1	 -71492	 31018	 37008	 39005	 45004	 0	 0	 0	 
1	 -64154	 31016	 37011	 39010	 45010	 0	 0	 0	 
1	 -59801	 31015	 37010	 39010	 45009	 0	 0	 0	 
1	 -71476	 31018	 37008	 39004	 45004	 0	 0	 0	 
1	 -71203	 31018	 37007	 39003	 45003	 0	 0	 0	 
1	 -71766	 31018	 37009	 39006	 45006	 0	 0	 0	 
1	 -64170	 31016	 37011	 39011	 45010	 0	 0	 0	 
1	 -71220	 31018	 37007	 39004	 45004	 0	 0	 0	 
1	 -72055	 31018	 37010	 39008	 45007	 0	 0	 0	 
1	 -63880	 31016	 37010	 39009	 45008	 0	 0	 0	 
1	 -76135	 31019	 37010	 39007	 45007	 0	 0	 0	 
1	 -68812	 31017	 37013	 39013	 45012	 0	 0	 0	 
1	 -67414	 31017	 37008	 39006	 45006	 0	 0	 0	 
1	 -67960	 31017	 37010	 39008	 45008	 0	 0	 0	 
1	 -63864	 31016	 37010	 39008	 45008	 0	 0	 0	 
1	 -67703	 31017	 37009	 39008	 45007	 0	 0	 0	 
1	 -67396	 31017	 37008	 39005	 45004	 0	 0	 0	 
1	 -67959	 31017	 37010	 39008	 45007	 0	 0	 0	 
1	 -67686	 31017	 37009	 39007	 45006	 0	 0	 0	 
1	 -63881	 31016	 37010	 39009	 45009	 0	 0	 0	 
1	 -67413	 31017	 37008	 39006	 45005	 0	 0	 0	 
1	 -63335	 31016	 37008	 39007	 45007	 0	 0	 0	 
1	 -67397	 31017	 37008	 39005	 45005	 0	 0	 0	 
1	 -66834	 31017	 37006	 39002	 45002	 0	 0	 0	 
1	 -67687	 31017	 37009	 39007	 45007	 0	 0	 0	 
1	 -59528	 31015	 37009	 39009	 45008	 0	 0	 0	 
1	 -59784	 31015	 37010	 39009	 45008	 0	 0	 0	 
1	 -55689	 31014	 37010	 39009	 45009	 0	 0	 0	 
1	 -63317	 31016	 37008	 39006	 45005	 0	 0	 0	 
1	 -66851	 31017	 37006	 39003	 45003	 0	 0	 0	 
1	 -70930	 31018	 37006	 39002	 45002	 0	 0	 0	 
1	 -63607	 31016	 37009	 39008	 45007	 0	 0	 0	 
1	 -63608	 31016	 37009	 39008	 45008	 0	 0	 0	 
1	 -71493	 31018	 37008	 39005	 45005	 0	 0	 0	 
1	 -67124	 31017	 37007	 39004	 45004	 0	 0	 0	 
1	 -67670	 31017	 37009	 39006	 45006	 0	 0	 0	 
1	 -62739	 31016	 37006	 39002	 45003	 0	 0	 0	 
1	 -63590	 31016	 37009	 39007	 45006	 0	 0	 0	 
1	 -59785	 31015	 37010	 39009	 45009	 0	 0	 0	 
1	 -63301	 31016	 37008	 39005	 45005	 0	 0	 0	 
1	 -59511	 31015	 37009	 39008	 45007	 0	 0	 0	 
1	 -67107	 31017	 37007	 39003	 45003	 0	 0	 0	 
1	 -63591	 31016	 37009	 39007	 45007	 0	 0	 0	 
1	 -59512	 31015	 37009	 39008	 45008	 0	 0	 0	 
1	 -63334	 31016	 37008	 39007	 45006	 0	 0	 0	 
1	 -58966	 31015	 37007	 39006	 45006	 0	 0	 0	 
1	 -63044	 31016	 37007	 39005	 45004	 0	 0	 0	 
1	 -63318	 31016	 37008	 39006	 45006	 0	 0	 0	 
1	 -62755	 31016	 37006	 39003	 45003	 0	 0	 0	 
1	 -63028	 31016	 37007	 39004	 45004	 0	 0	 0	 
1	 -58933	 31015	 37007	 39004	 45005	 0	 0	 0	 
1	 -62482	 31016	 37005	 39002	 45002	 0	 0	 0	 
1	 -55432	 31014	 37009	 39009	 45008	 0	 0	 0	 
1	 -62738	 31016	 37006	 39002	 45002	 0	 0	 0	 
1	 -55433	 31014	 37009	 39009	 45009	 0	 0	 0	 
1	 -59768	 31015	 37010	 39008	 45008	 0	 0	 0	 
1	 -59495	 31015	 37009	 39007	 45007	 0	 0	 0	 
1	 -63045	 31016	 37007	 39005	 45005	 0	 0	 0	 
1	 -63574	 31016	 37009	 39006	 45006	 0	 0	 0	 
1	 -59238	 31015	 37008	 39007	 45006	 0	 0	 0	 
1	 -59239	 31015	 37008	 39007	 45007	 0	 0	 0	 
1	 -55160	 31014	 37008	 39008	 45008	 0	 0	 0	 
1	 -59205	 31015	 37008	 39005	 45005	 0	 0	 0	 
1	 -63011	 31016	 37007	 39003	 45003	 0	 0	 0	 
1	 -55415	 31014	 37009	 39008	 45007	 0	 0	 0	 
1	 -54836	 31014	 37007	 39004	 45004	 0	 0	 0	 
1	 -55127	 31014	 37008	 39006	 45007	 0	 0	 0	 
1	 -58370	 31015	 37005	 39001	 45002	 0	 0	 0	 
1	 -55159	 31014	 37008	 39008	 45007	 0	 0	 0	 
1	 -58949	 31015	 37007	 39005	 45005	 0	 0	 0	 
1	 -59221	 31015	 37008	 39006	 45005	 0	 0	 0	 
1	 -55142	 31014	 37008	 39007	 45006	 0	 0	 0	 
1	 -58643	 31015	 37006	 39002	 45003	 0	 0	 0	 
1	 -58642	 31015	 37006	 39002	 45002	 0	 0	 0	 
1	 -55416	 31014	 37009	 39008	 45008	 0	 0	 0	 
1	 -58386	 31015	 37005	 39002	 45002	 0	 0	 0	 
1	 -58676	 31015	 37006	 39004	 45004	 0	 0	 0	 
1	 -55399	 31014	 37009	 39007	 45007	 0	 0	 0	 
1	 -54291	 31014	 37005	 39002	 45003	 0	 0	 0	 
1	 -55126	 31014	 37008	 39006	 45006	 0	 0	 0	 
1	 -54273	 31014	 37005	 39001	 45001	 0	 0	 0	 
1	 -58932	 31015	 37007	 39004	 45004	 0	 0	 0	 
1	 -54581	 31014	 37006	 39004	 45005	 0	 0	 0	 
1	 -51048	 31013	 37008	 39007	 45008	 0	 0	 0	 
1	 -51063	 31013	 37008	 39008	 45007	 0	 0	 0	 
1	 -54870	 31014	 37007	 39006	 45006	 0	 0	 0	 
1	 -58660	 31015	 37006	 39003	 45004	 0	 0	 0	 
1	 -54274	 31014	 37005	 39001	 45002	 0	 0	 0	 
1	 -54307	 31014	 37005	 39003	 45003	 0	 0	 0	 
1	 -59222	 31015	 37008	 39006	 45006	 0	 0	 0	 
1	 -54563	 31014	 37006	 39003	 45003	 0	 0	 0	 
1	 -58659	 31015	 37006	 39003	 45003	 0	 0	 0	 
1	 -55143	 31014	 37008	 39007	 45007	 0	 0	 0	 
1	 -54837	 31014	 37007	 39004	 45005	 0	 0	 0	 
1	 -54564	 31014	 37006	 39003	 45004	 0	 0	 0	 
1	 -54580	 31014	 37006	 39004	 45004	 0	 0	 0	 
1	 -54853	 31014	 37007	 39005	 45005	 0	 0	 0	 
1	 -54290	 31014	 37005	 39002	 45002	 0	 0	 0	 
1	 -51320	 31013	 37009	 39008	 45008	 0	 0	 0	 
1	 -54854	 31014	 37007	 39005	 45006	 0	 0	 0	 
1	 -51031	 31013	 37008	 39006	 45007	 0	 0	 0	 
1	 -51064	 31013	 37008	 39008	 45008	 0	 0	 0	 
1	 -49938	 31013	 37004	 39002	 45002	 0	 0	 0	 
1	 -50758	 31013	 37007	 39005	 45006	 0	 0	 0	 
1	 -49922	 31013	 37004	 39001	 45002	 0	 0	 0	 
1	 -50178	 31013	 37005	 39001	 45002	 0	 0	 0	 
1	 -50757	 31013	 37007	 39005	 45005	 0	 0	 0	 
1	 -50194	 31013	 37005	 39002	 45002	 0	 0	 0	 
1	 -50791	 31013	 37007	 39007	 45007	 0	 0	 0	 
1	 -50775	 31013	 37007	 39006	 45007	 0	 0	 0	 
1	 -50484	 31013	 37006	 39004	 45004	 0	 0	 0	 
1	 -50501	 31013	 37006	 39005	 45005	 0	 0	 0	 
1	 -51030	 31013	 37008	 39006	 45006	 0	 0	 0	 
1	 -50467	 31013	 37006	 39003	 45003	 0	 0	 0	 
1	 -50468	 31013	 37006	 39003	 45004	 0	 0	 0	 
1	 -50212	 31013	 37005	 39003	 45004	 0	 0	 0	 
1	 -46098	 31012	 37005	 39002	 45002	 0	 0	 0	 
1	 -50195	 31013	 37005	 39002	 45003	 0	 0	 0	 
1	 -46372	 31012	 37006	 39003	 45004	 0	 0	 0	 
1	 -50211	 31013	 37005	 39003	 45003	 0	 0	 0	 
1	 -50485	 31013	 37006	 39004	 45005	 0	 0	 0	 
1	 -51047	 31013	 37008	 39007	 45007	 0	 0	 0	 
1	 -49921	 31013	 37004	 39001	 45001	 0	 0	 0	 
1	 -50774	 31013	 37007	 39006	 45006	 0	 0	 0	 
1	 -45825	 31012	 37004	 39001	 45001	 0	 0	 0	 
1	 -45826	 31012	 37004	 39001	 45002	 0	 0	 0	 
1	 -45843	 31012	 37004	 39002	 45003	 0	 0	 0	 
1	 -46099	 31012	 37005	 39002	 45003	 0	 0	 0	 
1	 -46661	 31012	 37007	 39005	 45005	 0	 0	 0	 
1	 -46132	 31012	 37005	 39004	 45004	 0	 0	 0	 
1	 -46116	 31012	 37005	 39003	 45004	 0	 0	 0	 
1	 -45842	 31012	 37004	 39002	 45002	 0	 0	 0	 
1	 -46389	 31012	 37006	 39004	 45005	 0	 0	 0	 
1	 -46388	 31012	 37006	 39004	 45004	 0	 0	 0	 
1	 -42003	 31011	 37005	 39002	 45003	 0	 0	 0	 
1	 -46115	 31012	 37005	 39003	 45003	 0	 0	 0	 
1	 -46405	 31012	 37006	 39005	 45005	 0	 0	 0	 
1	 -46695	 31012	 37007	 39007	 45007	 0	 0	 0	 
1	 -46406	 31012	 37006	 39005	 45006	 0	 0	 0	 
1	 -46662	 31012	 37007	 39005	 45006	 0	 0	 0	 
1	 -42566	 31011	 37007	 39005	 45006	 0	 0	 0	 
1	 -46679	 31012	 37007	 39006	 45007	 0	 0	 0	 
1	 -42019	 31011	 37005	 39003	 45003	 0	 0	 0	 
1	 -46678	 31012	 37007	 39006	 45006	 0	 0	 0	 
1	 -41763	 31011	 37004	 39003	 45003	 0	 0	 0	 
1	 -46951	 31012	 37008	 39007	 45007	 0	 0	 0	 
1	 -42292	 31011	 37006	 39004	 45004	 0	 0	 0	 
1	 -42020	 31011	 37005	 39003	 45004	 0	 0	 0	 
1	 -64187	 31016	 37011	 39012	 45011	 0	 0	 0	 
1	 -77003	 31019	 37013	 39013	 45011	 0	 0	 0	 
1	 -63624	 31016	 37009	 39009	 45008	 0	 0	 0	 
1	 -76168	 31019	 37010	 39009	 45008	 0	 0	 0	 
1	 -75588	 31019	 37008	 39005	 45004	 0	 0	 0	 
1	 -60074	 31015	 37011	 39011	 45010	 0	 0	 0	 
1	 -67704	 31017	 37009	 39008	 45008	 0	 0	 0	 
1	 -70913	 31018	 37006	 39001	 45001	 0	 0	 0	 
1	 -66561	 31017	 37005	 39001	 45001	 0	 0	 0	 
1	 -54869	 31014	 37007	 39006	 45005	 0	 0	 0	 
1	 -62466	 31016	 37005	 39001	 45002	 0	 0	 0	 
1	 -51046	 31013	 37008	 39007	 45006	 0	 0	 0	 
1	 -58387	 31015	 37005	 39002	 45003	 0	 0	 0	 
1	 -62465	 31016	 37005	 39001	 45001	 0	 0	 0	 
1	 -54597	 31014	 37006	 39005	 45005	 0	 0	 0	 
1	 -58113	 31015	 37004	 39001	 45001	 0	 0	 0	 
1	 -54018	 31014	 37004	 39001	 45002	 0	 0	 0	 
1	 -54017	 31014	 37004	 39001	 45001	 0	 0	 0	 
1	 -58369	 31015	 37005	 39001	 45001	 0	 0	 0	 
1	 -41729	 31011	 37004	 39001	 45001	 0	 0	 0	 
1	 -46422	 31012	 37006	 39006	 45006	 0	 0	 0	 
1	 -41473	 31011	 37003	 39001	 45001	 0	 0	 0	 
1	 -41730	 31011	 37004	 39001	 45002	 0	 0	 0	 
1	 -41746	 31011	 37004	 39002	 45002	 0	 0	 0	 
1	 -37923	 31010	 37005	 39003	 45003	 0	 0	 0	 
1	 -37394	 31010	 37003	 39002	 45002	 0	 0	 0	 
1	 -42036	 31011	 37005	 39004	 45004	 0	 0	 0	 
-1	 47241	 32012	 38009	 40009	 46009	 0	 0	 0	 
-1	 47275	 32012	 38009	 40011	 46011	 0	 0	 0	 
-1	 47838	 32012	 38011	 40014	 46014	 0	 0	 0	 
-1	 52207	 32013	 38012	 40015	 46015	 0	 0	 0	 
-1	 46985	 32012	 38008	 40009	 46009	 0	 0	 0	 
-1	 21285	 32006	 38004	 40003	 46005	 0	 0	 0	 
-1	 16933	 32005	 38003	 40003	 46005	 0	 0	 0	 
-1	 17206	 32005	 38004	 40004	 46006	 0	 0	 0	 
-1	 25942	 32007	 38006	 40006	 46006	 0	 0	 0	 
-1	 17494	 32005	 38005	 40006	 46006	 0	 0	 0	 
-1	 17205	 32005	 38004	 40004	 46005	 0	 0	 0	 
-1	 25669	 32007	 38005	 40005	 46005	 0	 0	 0	 
-1	 25653	 32007	 38005	 40004	 46005	 0	 0	 0	 
-1	 30022	 32008	 38006	 40005	 46006	 0	 0	 0	 
-1	 21317	 32006	 38004	 40005	 46005	 0	 0	 0	 
-1	 17478	 32005	 38005	 40005	 46006	 0	 0	 0	 
-1	 25397	 32007	 38004	 40004	 46005	 0	 0	 0	 
-1	 29782	 32008	 38005	 40006	 46006	 0	 0	 0	 
-1	 17222	 32005	 38004	 40005	 46006	 0	 0	 0	 
-1	 21590	 32006	 38005	 40006	 46006	 0	 0	 0	 
-1	 21318	 32006	 38004	 40005	 46006	 0	 0	 0	 
-1	 17511	 32005	 38005	 40007	 46007	 0	 0	 0	 
-1	 25686	 32007	 38005	 40006	 46006	 0	 0	 0	 
-1	 16949	 32005	 38003	 40004	 46005	 0	 0	 0	 
-1	 21863	 32006	 38006	 40007	 46007	 0	 0	 0	 
-1	 17495	 32005	 38005	 40006	 46007	 0	 0	 0	 
-1	 25687	 32007	 38005	 40006	 46007	 0	 0	 0	 
-1	 21574	 32006	 38005	 40005	 46006	 0	 0	 0	 
-1	 26216	 32007	 38007	 40007	 46008	 0	 0	 0	 
-1	 21301	 32006	 38004	 40004	 46005	 0	 0	 0	 
-1	 30038	 32008	 38006	 40006	 46006	 0	 0	 0	 
-1	 21847	 32006	 38006	 40006	 46007	 0	 0	 0	 
-1	 25670	 32007	 38005	 40005	 46006	 0	 0	 0	 
-1	 17784	 32005	 38006	 40008	 46008	 0	 0	 0	 
-1	 29766	 32008	 38005	 40005	 46006	 0	 0	 0	 
-1	 30311	 32008	 38007	 40007	 46007	 0	 0	 0	 
-1	 21591	 32006	 38005	 40006	 46007	 0	 0	 0	 
-1	 21864	 32006	 38006	 40007	 46008	 0	 0	 0	 
-1	 17768	 32005	 38006	 40007	 46008	 0	 0	 0	 
-1	 21881	 32006	 38006	 40008	 46009	 0	 0	 0	 
-1	 21880	 32006	 38006	 40008	 46008	 0	 0	 0	 
-1	 18331	 32005	 38008	 40010	 46011	 0	 0	 0	 
-1	 18074	 32005	 38007	 40010	 46010	 0	 0	 0	 
-1	 22444	 32006	 38008	 40011	 46012	 0	 0	 0	 
-1	 17785	 32005	 38006	 40008	 46009	 0	 0	 0	 
-1	 22170	 32006	 38007	 40010	 46010	 0	 0	 0	 
-1	 18621	 32005	 38009	 40012	 46013	 0	 0	 0	 
-1	 25959	 32007	 38006	 40007	 46007	 0	 0	 0	 
-1	 18041	 32005	 38007	 40008	 46009	 0	 0	 0	 
-1	 26505	 32007	 38008	 40009	 46009	 0	 0	 0	 
-1	 18620	 32005	 38009	 40012	 46012	 0	 0	 0	 
-1	 18057	 32005	 38007	 40009	 46009	 0	 0	 0	 
-1	 17512	 32005	 38005	 40007	 46008	 0	 0	 0	 
-1	 22137	 32006	 38007	 40008	 46009	 0	 0	 0	 
-1	 30039	 32008	 38006	 40006	 46007	 0	 0	 0	 
-1	 25943	 32007	 38006	 40006	 46007	 0	 0	 0	 
-1	 22426	 32006	 38008	 40010	 46010	 0	 0	 0	 
-1	 30585	 32008	 38008	 40008	 46009	 0	 0	 0	 
-1	 22733	 32006	 38009	 40013	 46013	 0	 0	 0	 
-1	 18347	 32005	 38008	 40011	 46011	 0	 0	 0	 
-1	 18058	 32005	 38007	 40009	 46010	 0	 0	 0	 
-1	 22700	 32006	 38009	 40011	 46012	 0	 0	 0	 
-1	 18348	 32005	 38008	 40011	 46012	 0	 0	 0	 
-1	 22989	 32006	 38010	 40013	 46013	 0	 0	 0	 
-1	 22443	 32006	 38008	 40011	 46011	 0	 0	 0	 
-1	 25976	 32007	 38006	 40008	 46008	 0	 0	 0	 
-1	 30056	 32008	 38006	 40007	 46008	 0	 0	 0	 
-1	 30055	 32008	 38006	 40007	 46007	 0	 0	 0	 
-1	 34408	 32009	 38007	 40007	 46008	 0	 0	 0	 
-1	 30312	 32008	 38007	 40007	 46008	 0	 0	 0	 
-1	 22427	 32006	 38008	 40010	 46011	 0	 0	 0	 
-1	 34407	 32009	 38007	 40007	 46007	 0	 0	 0	 
-1	 34151	 32009	 38006	 40007	 46007	 0	 0	 0	 
-1	 26523	 32007	 38008	 40010	 46011	 0	 0	 0	 
-1	 22153	 32006	 38007	 40009	 46009	 0	 0	 0	 
-1	 26506	 32007	 38008	 40009	 46010	 0	 0	 0	 
-1	 25960	 32007	 38006	 40007	 46008	 0	 0	 0	 
-1	 26233	 32007	 38007	 40008	 46009	 0	 0	 0	 
-1	 18637	 32005	 38009	 40013	 46013	 0	 0	 0	 
-1	 22154	 32006	 38007	 40009	 46010	 0	 0	 0	 
-1	 22717	 32006	 38009	 40012	 46013	 0	 0	 0	 
-1	 26232	 32007	 38007	 40008	 46008	 0	 0	 0	 
-1	 26250	 32007	 38007	 40009	 46010	 0	 0	 0	 
-1	 23296	 32006	 38011	 40016	 46016	 0	 0	 0	 
-1	 23006	 32006	 38010	 40014	 46014	 0	 0	 0	 
-1	 30874	 32008	 38009	 40010	 46010	 0	 0	 0	 
-1	 26813	 32007	 38009	 40012	 46013	 0	 0	 0	 
-1	 30328	 32008	 38007	 40008	 46008	 0	 0	 0	 
-1	 26812	 32007	 38009	 40012	 46012	 0	 0	 0	 
-1	 22716	 32006	 38009	 40012	 46012	 0	 0	 0	 
-1	 27358	 32007	 38011	 40014	 46014	 0	 0	 0	 
-1	 26796	 32007	 38009	 40011	 46012	 0	 0	 0	 
-1	 30892	 32008	 38009	 40011	 46012	 0	 0	 0	 
-1	 34424	 32009	 38007	 40008	 46008	 0	 0	 0	 
-1	 30329	 32008	 38007	 40008	 46009	 0	 0	 0	 
-1	 27648	 32007	 38012	 40016	 46016	 0	 0	 0	 
-1	 26249	 32007	 38007	 40009	 46009	 0	 0	 0	 
-1	 27085	 32007	 38010	 40013	 46013	 0	 0	 0	 
-1	 31165	 32008	 38010	 40012	 46013	 0	 0	 0	 
-1	 34681	 32009	 38008	 40008	 46009	 0	 0	 0	 
-1	 34680	 32009	 38008	 40008	 46008	 0	 0	 0	 
-1	 18910	 32005	 38010	 40014	 46014	 0	 0	 0	 
-1	 26522	 32007	 38008	 40010	 46010	 0	 0	 0	 
-1	 38520	 32010	 38007	 40008	 46008	 0	 0	 0	 
-1	 30345	 32008	 38007	 40009	 46009	 0	 0	 0	 
-1	 26539	 32007	 38008	 40011	 46011	 0	 0	 0	 
-1	 30875	 32008	 38009	 40010	 46011	 0	 0	 0	 
-1	 30601	 32008	 38008	 40009	 46009	 0	 0	 0	 
-1	 31470	 32008	 38011	 40015	 46014	 0	 0	 0	 
-1	 31198	 32008	 38010	 40014	 46014	 0	 0	 0	 
-1	 27102	 32007	 38010	 40014	 46014	 0	 0	 0	 
-1	 34135	 32009	 38006	 40006	 46007	 0	 0	 0	 
-1	 30618	 32008	 38008	 40010	 46010	 0	 0	 0	 
-1	 26795	 32007	 38009	 40011	 46011	 0	 0	 0	 
-1	 35549	 32009	 38011	 40014	 46013	 0	 0	 0	 
-1	 34971	 32009	 38009	 40010	 46011	 0	 0	 0	 
-1	 38810	 32010	 38008	 40010	 46010	 0	 0	 0	 
-1	 31744	 32008	 38012	 40016	 46016	 0	 0	 0	 
-1	 30619	 32008	 38008	 40010	 46011	 0	 0	 0	 
-1	 34697	 32009	 38008	 40009	 46009	 0	 0	 0	 
-1	 34425	 32009	 38007	 40008	 46009	 0	 0	 0	 
-1	 30602	 32008	 38008	 40009	 46010	 0	 0	 0	 
-1	 31743	 32008	 38012	 40016	 46015	 0	 0	 0	 
-1	 39340	 32010	 38010	 40011	 46012	 0	 0	 0	 
-1	 31727	 32008	 38012	 40015	 46015	 0	 0	 0	 
-1	 30908	 32008	 38009	 40012	 46012	 0	 0	 0	 
-1	 31181	 32008	 38010	 40013	 46013	 0	 0	 0	 
-1	 38794	 32010	 38008	 40009	 46010	 0	 0	 0	 
-1	 34698	 32009	 38008	 40009	 46010	 0	 0	 0	 
-1	 38776	 32010	 38008	 40008	 46008	 0	 0	 0	 
-1	 38777	 32010	 38008	 40008	 46009	 0	 0	 0	 
-1	 35839	 32009	 38012	 40016	 46015	 0	 0	 0	 
-1	 34970	 32009	 38009	 40010	 46010	 0	 0	 0	 
-1	 35004	 32009	 38009	 40012	 46012	 0	 0	 0	 
-1	 35276	 32009	 38010	 40013	 46012	 0	 0	 0	 
-1	 31164	 32008	 38010	 40012	 46012	 0	 0	 0	 
-1	 36096	 32009	 38013	 40016	 46016	 0	 0	 0	 
-1	 30891	 32008	 38009	 40011	 46011	 0	 0	 0	 
-1	 39612	 32010	 38011	 40012	 46012	 0	 0	 0	 
-1	 35566	 32009	 38011	 40015	 46014	 0	 0	 0	 
-1	 35822	 32009	 38012	 40015	 46014	 0	 0	 0	 
-1	 39082	 32010	 38009	 40011	 46010	 0	 0	 0	 
-1	 35840	 32009	 38012	 40016	 46016	 0	 0	 0	 
-1	 31454	 32008	 38011	 40014	 46014	 0	 0	 0	 
-1	 39050	 32010	 38009	 40009	 46010	 0	 0	 0	 
-1	 39049	 32010	 38009	 40009	 46009	 0	 0	 0	 
-1	 35533	 32009	 38011	 40013	 46013	 0	 0	 0	 
-1	 35823	 32009	 38012	 40015	 46015	 0	 0	 0	 
-1	 34714	 32009	 38008	 40010	 46010	 0	 0	 0	 
-1	 38793	 32010	 38008	 40009	 46009	 0	 0	 0	 
-1	 34988	 32009	 38009	 40011	 46012	 0	 0	 0	 
-1	 35277	 32009	 38010	 40013	 46013	 0	 0	 0	 
-1	 39936	 32010	 38012	 40016	 46016	 0	 0	 0	 
-1	 42889	 32011	 38008	 40009	 46009	 0	 0	 0	 
-1	 35260	 32009	 38010	 40012	 46012	 0	 0	 0	 
-1	 39067	 32010	 38009	 40010	 46011	 0	 0	 0	 
-1	 43163	 32011	 38009	 40010	 46011	 0	 0	 0	 
-1	 34987	 32009	 38009	 40011	 46011	 0	 0	 0	 
-1	 35243	 32009	 38010	 40011	 46011	 0	 0	 0	 
-1	 39645	 32010	 38011	 40014	 46013	 0	 0	 0	 
-1	 43178	 32011	 38009	 40011	 46010	 0	 0	 0	 
-1	 39083	 32010	 38009	 40011	 46011	 0	 0	 0	 
-1	 39356	 32010	 38010	 40012	 46012	 0	 0	 0	 
-1	 39339	 32010	 38010	 40011	 46011	 0	 0	 0	 
-1	 39628	 32010	 38011	 40013	 46012	 0	 0	 0	 
-1	 39372	 32010	 38010	 40013	 46012	 0	 0	 0	 
-1	 39373	 32010	 38010	 40013	 46013	 0	 0	 0	 
-1	 39902	 32010	 38012	 40014	 46014	 0	 0	 0	 
-1	 35550	 32009	 38011	 40014	 46014	 0	 0	 0	 
-1	 39355	 32010	 38010	 40012	 46011	 0	 0	 0	 
-1	 39646	 32010	 38011	 40014	 46014	 0	 0	 0	 
-1	 39918	 32010	 38012	 40015	 46014	 0	 0	 0	 
-1	 43742	 32011	 38011	 40014	 46014	 0	 0	 0	 
-1	 40192	 32010	 38013	 40016	 46016	 0	 0	 0	 
-1	 40191	 32010	 38013	 40016	 46015	 0	 0	 0	 
-1	 39066	 32010	 38009	 40010	 46010	 0	 0	 0	 
-1	 39935	 32010	 38012	 40016	 46015	 0	 0	 0	 
-1	 43418	 32011	 38010	 40010	 46010	 0	 0	 0	 
-1	 39629	 32010	 38011	 40013	 46013	 0	 0	 0	 
-1	 43179	 32011	 38009	 40011	 46011	 0	 0	 0	 
-1	 44031	 32011	 38012	 40016	 46015	 0	 0	 0	 
-1	 44271	 32011	 38013	 40015	 46015	 0	 0	 0	 
-1	 43434	 32011	 38010	 40011	 46010	 0	 0	 0	 
-1	 43161	 32011	 38009	 40010	 46009	 0	 0	 0	 
-1	 43145	 32011	 38009	 40009	 46009	 0	 0	 0	 
-1	 44288	 32011	 38013	 40016	 46016	 0	 0	 0	 
-1	 39919	 32010	 38012	 40015	 46015	 0	 0	 0	 
-1	 44014	 32011	 38012	 40015	 46014	 0	 0	 0	 
-1	 43997	 32011	 38012	 40014	 46013	 0	 0	 0	 
-1	 43724	 32011	 38011	 40013	 46012	 0	 0	 0	 
-1	 44287	 32011	 38013	 40016	 46015	 0	 0	 0	 
-1	 44015	 32011	 38012	 40015	 46015	 0	 0	 0	 
-1	 43998	 32011	 38012	 40014	 46014	 0	 0	 0	 
-1	 47548	 32012	 38010	 40012	 46012	 0	 0	 0	 
-1	 43146	 32011	 38009	 40009	 46010	 0	 0	 0	 
-1	 43725	 32011	 38011	 40013	 46013	 0	 0	 0	 
-1	 48111	 32012	 38012	 40015	 46015	 0	 0	 0	 
-1	 43708	 32011	 38011	 40012	 46012	 0	 0	 0	 
-1	 43162	 32011	 38009	 40010	 46010	 0	 0	 0	 
-1	 43451	 32011	 38010	 40012	 46011	 0	 0	 0	 
-1	 43741	 32011	 38011	 40014	 46013	 0	 0	 0	 
-1	 48384	 32012	 38013	 40016	 46016	 0	 0	 0	 
-1	 43435	 32011	 38010	 40011	 46011	 0	 0	 0	 
-1	 43452	 32011	 38010	 40012	 46012	 0	 0	 0	 
-1	 48383	 32012	 38013	 40016	 46015	 0	 0	 0	 
-1	 48367	 32012	 38013	 40015	 46015	 0	 0	 0	 
-1	 48110	 32012	 38012	 40015	 46014	 0	 0	 0	 
-1	 47547	 32012	 38010	 40012	 46011	 0	 0	 0	 
-1	 47821	 32012	 38011	 40013	 46013	 0	 0	 0	 
-1	 48077	 32012	 38012	 40013	 46013	 0	 0	 0	 
-1	 48094	 32012	 38012	 40014	 46014	 0	 0	 0	 
-1	 52480	 32013	 38013	 40016	 46016	 0	 0	 0	 
-1	 47820	 32012	 38011	 40013	 46012	 0	 0	 0	 
-1	 47787	 32012	 38011	 40011	 46011	 0	 0	 0	 
-1	 52206	 32013	 38012	 40015	 46014	 0	 0	 0	 
-1	 47804	 32012	 38011	 40012	 46012	 0	 0	 0	 
-1	 51917	 32013	 38011	 40013	 46013	 0	 0	 0	 
-1	 47803	 32012	 38011	 40012	 46011	 0	 0	 0	 
-1	 48093	 32012	 38012	 40014	 46013	 0	 0	 0	 
-1	 47530	 32012	 38010	 40011	 46010	 0	 0	 0	 
-1	 52463	 32013	 38013	 40015	 46015	 0	 0	 0	 
-1	 52479	 32013	 38013	 40016	 46015	 0	 0	 0	 
-1	 47258	 32012	 38009	 40010	 46010	 0	 0	 0	 
-1	 47531	 32012	 38010	 40011	 46011	 0	 0	 0	 
-1	 52190	 32013	 38012	 40014	 46014	 0	 0	 0	 
-1	 56286	 32014	 38012	 40014	 46014	 0	 0	 0	 
-1	 47514	 32012	 38010	 40010	 46010	 0	 0	 0	 
-1	 16916	 32005	 38003	 40002	 46004	 0	 0	 0	 
-1	 21028	 32006	 38003	 40003	 46004	 0	 0	 0	 
-1	 21284	 32006	 38004	 40003	 46004	 0	 0	 0	 
-1	 25413	 32007	 38004	 40005	 46005	 0	 0	 0	 
-1	 16932	 32005	 38003	 40003	 46004	 0	 0	 0	 
-1	 21607	 32006	 38005	 40007	 46007	 0	 0	 0	 
-1	 18075	 32005	 38007	 40010	 46011	 0	 0	 0	 
-1	 18364	 32005	 38008	 40012	 46012	 0	 0	 0	 
-1	 30635	 32008	 38008	 40011	 46011	 0	 0	 0	 
-1	 34441	 32009	 38007	 40009	 46009	 0	 0	 0	 
-1	 35567	 32009	 38011	 40015	 46015	 0	 0	 0	 
-1	 47837	 32012	 38011	 40014	 46013	 0	 0	 0	 
-1	 51643	 32013	 38010	 40012	 46011	 0	 0	 0	 
-1	 -47241	 31012	 37009	 39009	 45009	 0	 0	 0	 
-1	 -47275	 31012	 37009	 39011	 45011	 0	 0	 0	 
-1	 -47838	 31012	 37011	 39014	 45014	 0	 0	 0	 
-1	 -52207	 31013	 37012	 39015	 45015	 0	 0	 0	 
-1	 -46985	 31012	 37008	 39009	 45009	 0	 0	 0	 
-1	 -17206	 31005	 37004	 39004	 45006	 0	 0	 0	 
-1	 -25942	 31007	 37006	 39006	 45006	 0	 0	 0	 
-1	 -17494	 31005	 37005	 39006	 45006	 0	 0	 0	 
-1	 -25669	 31007	 37005	 39005	 45005	 0	 0	 0	 
-1	 -30022	 31008	 37006	 39005	 45006	 0	 0	 0	 
-1	 -17478	 31005	 37005	 39005	 45006	 0	 0	 0	 
-1	 -29782	 31008	 37005	 39006	 45006	 0	 0	 0	 
-1	 -17222	 31005	 37004	 39005	 45006	 0	 0	 0	 
-1	 -21590	 31006	 37005	 39006	 45006	 0	 0	 0	 
-1	 -21318	 31006	 37004	 39005	 45006	 0	 0	 0	 
-1	 -17511	 31005	 37005	 39007	 45007	 0	 0	 0	 
-1	 -25686	 31007	 37005	 39006	 45006	 0	 0	 0	 
-1	 -21863	 31006	 37006	 39007	 45007	 0	 0	 0	 
-1	 -17495	 31005	 37005	 39006	 45007	 0	 0	 0	 
-1	 -25687	 31007	 37005	 39006	 45007	 0	 0	 0	 
-1	 -21574	 31006	 37005	 39005	 45006	 0	 0	 0	 
-1	 -26216	 31007	 37007	 39007	 45008	 0	 0	 0	 
-1	 -30038	 31008	 37006	 39006	 45006	 0	 0	 0	 
-1	 -21847	 31006	 37006	 39006	 45007	 0	 0	 0	 
-1	 -25670	 31007	 37005	 39005	 45006	 0	 0	 0	 
-1	 -17784	 31005	 37006	 39008	 45008	 0	 0	 0	 
-1	 -29766	 31008	 37005	 39005	 45006	 0	 0	 0	 
-1	 -30311	 31008	 37007	 39007	 45007	 0	 0	 0	 
-1	 -21591	 31006	 37005	 39006	 45007	 0	 0	 0	 
-1	 -21864	 31006	 37006	 39007	 45008	 0	 0	 0	 
-1	 -17768	 31005	 37006	 39007	 45008	 0	 0	 0	 
-1	 -21881	 31006	 37006	 39008	 45009	 0	 0	 0	 
-1	 -21880	 31006	 37006	 39008	 45008	 0	 0	 0	 
-1	 -18331	 31005	 37008	 39010	 45011	 0	 0	 0	 
-1	 -18074	 31005	 37007	 39010	 45010	 0	 0	 0	 
-1	 -22444	 31006	 37008	 39011	 45012	 0	 0	 0	 
-1	 -17785	 31005	 37006	 39008	 45009	 0	 0	 0	 
-1	 -22170	 31006	 37007	 39010	 45010	 0	 0	 0	 
-1	 -18621	 31005	 37009	 39012	 45013	 0	 0	 0	 
-1	 -25959	 31007	 37006	 39007	 45007	 0	 0	 0	 
-1	 -18041	 31005	 37007	 39008	 45009	 0	 0	 0	 
-1	 -26505	 31007	 37008	 39009	 45009	 0	 0	 0	 
-1	 -18620	 31005	 37009	 39012	 45012	 0	 0	 0	 
-1	 -18057	 31005	 37007	 39009	 45009	 0	 0	 0	 
-1	 -17512	 31005	 37005	 39007	 45008	 0	 0	 0	 
-1	 -22137	 31006	 37007	 39008	 45009	 0	 0	 0	 
-1	 -30039	 31008	 37006	 39006	 45007	 0	 0	 0	 
-1	 -25943	 31007	 37006	 39006	 45007	 0	 0	 0	 
-1	 -22426	 31006	 37008	 39010	 45010	 0	 0	 0	 
-1	 -30585	 31008	 37008	 39008	 45009	 0	 0	 0	 
-1	 -22733	 31006	 37009	 39013	 45013	 0	 0	 0	 
-1	 -18347	 31005	 37008	 39011	 45011	 0	 0	 0	 
-1	 -18058	 31005	 37007	 39009	 45010	 0	 0	 0	 
-1	 -22700	 31006	 37009	 39011	 45012	 0	 0	 0	 
-1	 -18348	 31005	 37008	 39011	 45012	 0	 0	 0	 
-1	 -22989	 31006	 37010	 39013	 45013	 0	 0	 0	 
-1	 -22443	 31006	 37008	 39011	 45011	 0	 0	 0	 
-1	 -25976	 31007	 37006	 39008	 45008	 0	 0	 0	 
-1	 -30056	 31008	 37006	 39007	 45008	 0	 0	 0	 
-1	 -30055	 31008	 37006	 39007	 45007	 0	 0	 0	 
-1	 -34408	 31009	 37007	 39007	 45008	 0	 0	 0	 
-1	 -30312	 31008	 37007	 39007	 45008	 0	 0	 0	 
-1	 -22427	 31006	 37008	 39010	 45011	 0	 0	 0	 
-1	 -34407	 31009	 37007	 39007	 45007	 0	 0	 0	 
-1	 -34151	 31009	 37006	 39007	 45007	 0	 0	 0	 
-1	 -26523	 31007	 37008	 39010	 45011	 0	 0	 0	 
-1	 -22153	 31006	 37007	 39009	 45009	 0	 0	 0	 
-1	 -26506	 31007	 37008	 39009	 45010	 0	 0	 0	 
-1	 -25960	 31007	 37006	 39007	 45008	 0	 0	 0	 
-1	 -26233	 31007	 37007	 39008	 45009	 0	 0	 0	 
-1	 -18637	 31005	 37009	 39013	 45013	 0	 0	 0	 
-1	 -22154	 31006	 37007	 39009	 45010	 0	 0	 0	 
-1	 -22717	 31006	 37009	 39012	 45013	 0	 0	 0	 
-1	 -26232	 31007	 37007	 39008	 45008	 0	 0	 0	 
-1	 -26250	 31007	 37007	 39009	 45010	 0	 0	 0	 
-1	 -23296	 31006	 37011	 39016	 45016	 0	 0	 0	 
-1	 -23006	 31006	 37010	 39014	 45014	 0	 0	 0	 
-1	 -30874	 31008	 37009	 39010	 45010	 0	 0	 0	 
-1	 -23279	 31006	 37011	 39015	 45015	 0	 0	 0	 
-1	 -26813	 31007	 37009	 39012	 45013	 0	 0	 0	 
-1	 -30328	 31008	 37007	 39008	 45008	 0	 0	 0	 
-1	 -26812	 31007	 37009	 39012	 45012	 0	 0	 0	 
-1	 -22716	 31006	 37009	 39012	 45012	 0	 0	 0	 
-1	 -27358	 31007	 37011	 39014	 45014	 0	 0	 0	 
-1	 -26796	 31007	 37009	 39011	 45012	 0	 0	 0	 
-1	 -30892	 31008	 37009	 39011	 45012	 0	 0	 0	 
-1	 -34424	 31009	 37007	 39008	 45008	 0	 0	 0	 
-1	 -30329	 31008	 37007	 39008	 45009	 0	 0	 0	 
-1	 -27648	 31007	 37012	 39016	 45016	 0	 0	 0	 
-1	 -26249	 31007	 37007	 39009	 45009	 0	 0	 0	 
-1	 -27085	 31007	 37010	 39013	 45013	 0	 0	 0	 
-1	 -31165	 31008	 37010	 39012	 45013	 0	 0	 0	 
-1	 -27375	 31007	 37011	 39015	 45015	 0	 0	 0	 
-1	 -34681	 31009	 37008	 39008	 45009	 0	 0	 0	 
-1	 -34680	 31009	 37008	 39008	 45008	 0	 0	 0	 
-1	 -18910	 31005	 37010	 39014	 45014	 0	 0	 0	 
-1	 -26522	 31007	 37008	 39010	 45010	 0	 0	 0	 
-1	 -38520	 31010	 37007	 39008	 45008	 0	 0	 0	 
-1	 -30345	 31008	 37007	 39009	 45009	 0	 0	 0	 
-1	 -26539	 31007	 37008	 39011	 45011	 0	 0	 0	 
-1	 -30875	 31008	 37009	 39010	 45011	 0	 0	 0	 
-1	 -30601	 31008	 37008	 39009	 45009	 0	 0	 0	 
-1	 -31470	 31008	 37011	 39015	 45014	 0	 0	 0	 
-1	 -31198	 31008	 37010	 39014	 45014	 0	 0	 0	 
-1	 -27102	 31007	 37010	 39014	 45014	 0	 0	 0	 
-1	 -34135	 31009	 37006	 39006	 45007	 0	 0	 0	 
-1	 -30618	 31008	 37008	 39010	 45010	 0	 0	 0	 
-1	 -26795	 31007	 37009	 39011	 45011	 0	 0	 0	 
-1	 -35549	 31009	 37011	 39014	 45013	 0	 0	 0	 
-1	 -34971	 31009	 37009	 39010	 45011	 0	 0	 0	 
-1	 -38810	 31010	 37008	 39010	 45010	 0	 0	 0	 
-1	 -31744	 31008	 37012	 39016	 45016	 0	 0	 0	 
-1	 -30619	 31008	 37008	 39010	 45011	 0	 0	 0	 
-1	 -34697	 31009	 37008	 39009	 45009	 0	 0	 0	 
-1	 -34425	 31009	 37007	 39008	 45009	 0	 0	 0	 
-1	 -30602	 31008	 37008	 39009	 45010	 0	 0	 0	 
-1	 -31471	 31008	 37011	 39015	 45015	 0	 0	 0	 
-1	 -31743	 31008	 37012	 39016	 45015	 0	 0	 0	 
-1	 -35567	 31009	 37011	 39015	 45015	 0	 0	 0	 
-1	 -39340	 31010	 37010	 39011	 45012	 0	 0	 0	 
-1	 -31727	 31008	 37012	 39015	 45015	 0	 0	 0	 
-1	 -30908	 31008	 37009	 39012	 45012	 0	 0	 0	 
-1	 -31181	 31008	 37010	 39013	 45013	 0	 0	 0	 
-1	 -38794	 31010	 37008	 39009	 45010	 0	 0	 0	 
-1	 -34698	 31009	 37008	 39009	 45010	 0	 0	 0	 
-1	 -38776	 31010	 37008	 39008	 45008	 0	 0	 0	 
-1	 -38777	 31010	 37008	 39008	 45009	 0	 0	 0	 
-1	 -35839	 31009	 37012	 39016	 45015	 0	 0	 0	 
-1	 -34970	 31009	 37009	 39010	 45010	 0	 0	 0	 
-1	 -35004	 31009	 37009	 39012	 45012	 0	 0	 0	 
-1	 -35276	 31009	 37010	 39013	 45012	 0	 0	 0	 
-1	 -31164	 31008	 37010	 39012	 45012	 0	 0	 0	 
-1	 -36096	 31009	 37013	 39016	 45016	 0	 0	 0	 
-1	 -30891	 31008	 37009	 39011	 45011	 0	 0	 0	 
-1	 -39612	 31010	 37011	 39012	 45012	 0	 0	 0	 
-1	 -35566	 31009	 37011	 39015	 45014	 0	 0	 0	 
-1	 -35822	 31009	 37012	 39015	 45014	 0	 0	 0	 
-1	 -39082	 31010	 37009	 39011	 45010	 0	 0	 0	 
-1	 -35840	 31009	 37012	 39016	 45016	 0	 0	 0	 
-1	 -31454	 31008	 37011	 39014	 45014	 0	 0	 0	 
-1	 -39050	 31010	 37009	 39009	 45010	 0	 0	 0	 
-1	 -39049	 31010	 37009	 39009	 45009	 0	 0	 0	 
-1	 -35533	 31009	 37011	 39013	 45013	 0	 0	 0	 
-1	 -35823	 31009	 37012	 39015	 45015	 0	 0	 0	 
-1	 -34714	 31009	 37008	 39010	 45010	 0	 0	 0	 
-1	 -38793	 31010	 37008	 39009	 45009	 0	 0	 0	 
-1	 -34988	 31009	 37009	 39011	 45012	 0	 0	 0	 
-1	 -35277	 31009	 37010	 39013	 45013	 0	 0	 0	 
-1	 -39936	 31010	 37012	 39016	 45016	 0	 0	 0	 
-1	 -42889	 31011	 37008	 39009	 45009	 0	 0	 0	 
-1	 -35260	 31009	 37010	 39012	 45012	 0	 0	 0	 
-1	 -39067	 31010	 37009	 39010	 45011	 0	 0	 0	 
-1	 -43163	 31011	 37009	 39010	 45011	 0	 0	 0	 
-1	 -34987	 31009	 37009	 39011	 45011	 0	 0	 0	 
-1	 -35243	 31009	 37010	 39011	 45011	 0	 0	 0	 
-1	 -39645	 31010	 37011	 39014	 45013	 0	 0	 0	 
-1	 -43178	 31011	 37009	 39011	 45010	 0	 0	 0	 
-1	 -39083	 31010	 37009	 39011	 45011	 0	 0	 0	 
-1	 -39356	 31010	 37010	 39012	 45012	 0	 0	 0	 
-1	 -39339	 31010	 37010	 39011	 45011	 0	 0	 0	 
-1	 -39628	 31010	 37011	 39013	 45012	 0	 0	 0	 
-1	 -39372	 31010	 37010	 39013	 45012	 0	 0	 0	 
-1	 -39373	 31010	 37010	 39013	 45013	 0	 0	 0	 
-1	 -39902	 31010	 37012	 39014	 45014	 0	 0	 0	 
-1	 -35550	 31009	 37011	 39014	 45014	 0	 0	 0	 
-1	 -39355	 31010	 37010	 39012	 45011	 0	 0	 0	 
-1	 -39646	 31010	 37011	 39014	 45014	 0	 0	 0	 
-1	 -39918	 31010	 37012	 39015	 45014	 0	 0	 0	 
-1	 -43742	 31011	 37011	 39014	 45014	 0	 0	 0	 
-1	 -40192	 31010	 37013	 39016	 45016	 0	 0	 0	 
-1	 -40191	 31010	 37013	 39016	 45015	 0	 0	 0	 
-1	 -39066	 31010	 37009	 39010	 45010	 0	 0	 0	 
-1	 -39935	 31010	 37012	 39016	 45015	 0	 0	 0	 
-1	 -43418	 31011	 37010	 39010	 45010	 0	 0	 0	 
-1	 -39629	 31010	 37011	 39013	 45013	 0	 0	 0	 
-1	 -43179	 31011	 37009	 39011	 45011	 0	 0	 0	 
-1	 -44031	 31011	 37012	 39016	 45015	 0	 0	 0	 
-1	 -44271	 31011	 37013	 39015	 45015	 0	 0	 0	 
-1	 -43434	 31011	 37010	 39011	 45010	 0	 0	 0	 
-1	 -43161	 31011	 37009	 39010	 45009	 0	 0	 0	 
-1	 -43145	 31011	 37009	 39009	 45009	 0	 0	 0	 
-1	 -44288	 31011	 37013	 39016	 45016	 0	 0	 0	 
-1	 -39919	 31010	 37012	 39015	 45015	 0	 0	 0	 
-1	 -44014	 31011	 37012	 39015	 45014	 0	 0	 0	 
-1	 -43997	 31011	 37012	 39014	 45013	 0	 0	 0	 
-1	 -43724	 31011	 37011	 39013	 45012	 0	 0	 0	 
-1	 -44287	 31011	 37013	 39016	 45015	 0	 0	 0	 
-1	 -44015	 31011	 37012	 39015	 45015	 0	 0	 0	 
-1	 -43998	 31011	 37012	 39014	 45014	 0	 0	 0	 
-1	 -47548	 31012	 37010	 39012	 45012	 0	 0	 0	 
-1	 -43146	 31011	 37009	 39009	 45010	 0	 0	 0	 
-1	 -43725	 31011	 37011	 39013	 45013	 0	 0	 0	 
-1	 -48111	 31012	 37012	 39015	 45015	 0	 0	 0	 
-1	 -43708	 31011	 37011	 39012	 45012	 0	 0	 0	 
-1	 -43162	 31011	 37009	 39010	 45010	 0	 0	 0	 
-1	 -43451	 31011	 37010	 39012	 45011	 0	 0	 0	 
-1	 -43741	 31011	 37011	 39014	 45013	 0	 0	 0	 
-1	 -48384	 31012	 37013	 39016	 45016	 0	 0	 0	 
-1	 -43435	 31011	 37010	 39011	 45011	 0	 0	 0	 
-1	 -48366	 31012	 37013	 39015	 45014	 0	 0	 0	 
-1	 -43452	 31011	 37010	 39012	 45012	 0	 0	 0	 
-1	 -48383	 31012	 37013	 39016	 45015	 0	 0	 0	 
-1	 -48367	 31012	 37013	 39015	 45015	 0	 0	 0	 
-1	 -48110	 31012	 37012	 39015	 45014	 0	 0	 0	 
-1	 -47547	 31012	 37010	 39012	 45011	 0	 0	 0	 
-1	 -47821	 31012	 37011	 39013	 45013	 0	 0	 0	 
-1	 -48077	 31012	 37012	 39013	 45013	 0	 0	 0	 
-1	 -52736	 31013	 37014	 39016	 45016	 0	 0	 0	 
-1	 -48094	 31012	 37012	 39014	 45014	 0	 0	 0	 
-1	 -52480	 31013	 37013	 39016	 45016	 0	 0	 0	 
-1	 -47820	 31012	 37011	 39013	 45012	 0	 0	 0	 
-1	 -47787	 31012	 37011	 39011	 45011	 0	 0	 0	 
-1	 -52206	 31013	 37012	 39015	 45014	 0	 0	 0	 
-1	 -47804	 31012	 37011	 39012	 45012	 0	 0	 0	 
-1	 -51917	 31013	 37011	 39013	 45013	 0	 0	 0	 
-1	 -47803	 31012	 37011	 39012	 45011	 0	 0	 0	 
-1	 -48093	 31012	 37012	 39014	 45013	 0	 0	 0	 
-1	 -47530	 31012	 37010	 39011	 45010	 0	 0	 0	 
-1	 -52463	 31013	 37013	 39015	 45015	 0	 0	 0	 
-1	 -52479	 31013	 37013	 39016	 45015	 0	 0	 0	 
-1	 -47258	 31012	 37009	 39010	 45010	 0	 0	 0	 
-1	 -47531	 31012	 37010	 39011	 45011	 0	 0	 0	 
-1	 -52446	 31013	 37013	 39014	 45014	 0	 0	 0	 
-1	 -52190	 31013	 37012	 39014	 45014	 0	 0	 0	 
-1	 -52189	 31013	 37012	 39014	 45013	 0	 0	 0	 
-1	 -56286	 31014	 37012	 39014	 45014	 0	 0	 0	 
-1	 -47514	 31012	 37010	 39010	 45010	 0	 0	 0	 
-1	 -52173	 31013	 37012	 39013	 45013	 0	 0	 0	 
-1	 -16915	 31005	 37003	 39002	 45003	 0	 0	 0	 
-1	 -16916	 31005	 37003	 39002	 45004	 0	 0	 0	 
-1	 -21028	 31006	 37003	 39003	 45004	 0	 0	 0	 
-1	 -21284	 31006	 37004	 39003	 45004	 0	 0	 0	 
-1	 -16933	 31005	 37003	 39003	 45005	 0	 0	 0	 
-1	 -25413	 31007	 37004	 39005	 45005	 0	 0	 0	 
-1	 -16932	 31005	 37003	 39003	 45004	 0	 0	 0	 
-1	 -17205	 31005	 37004	 39004	 45005	 0	 0	 0	 
-1	 -25653	 31007	 37005	 39004	 45005	 0	 0	 0	 
-1	 -21317	 31006	 37004	 39005	 45005	 0	 0	 0	 
-1	 -25397	 31007	 37004	 39004	 45005	 0	 0	 0	 
-1	 -16949	 31005	 37003	 39004	 45005	 0	 0	 0	 
-1	 -21301	 31006	 37004	 39004	 45005	 0	 0	 0	 
-1	 -21607	 31006	 37005	 39007	 45007	 0	 0	 0	 
-1	 -18075	 31005	 37007	 39010	 45011	 0	 0	 0	 
-1	 -18364	 31005	 37008	 39012	 45012	 0	 0	 0	 
-1	 -30635	 31008	 37008	 39011	 45011	 0	 0	 0	 
-1	 -34441	 31009	 37007	 39009	 45009	 0	 0	 0	 
-1	 -47837	 31012	 37011	 39014	 45013	 0	 0	 0	 
-1	 -51643	 31013	 37010	 39012	 45011	 0	 0	 0	 
